10104
10107
10145
10200
10205
10220
10696
10933
11081
11308
11403
11533
11618
11910
11955
11990
12060
12085
12093
12366
12400
12431
12476
12570
12591
12622
13046
13056
13116
13139
13168
13181
13210
13244
13323
13407
13447
13511
13527
13628
13687
13721
13739
13757
13760
13788
13856
13911
13949
14008
14040
14076
14089
14136
14182
14231
14338
14393
14432
14436
14461
14542
14547
14558
14579
14593
14596
14617
14702
14714
14752
14759
14785
14811
14890
14944
14970
14988
15031
15067
15139
15202
15291
15303
15315
15397
15398
15410
15440
15478
15486
15534
15579
15623
15627
15649
15694
15724
15729
15782
15826
15909
16021
16082
16140
16171
16260
16304
16309
16318
16338
16431
16505
16600
16649
16655
16664
16736
16738
16932
16968
17104
17341
17342
17685
17701
17750
17782
17787
17794
17799
17987
18136
18145
18163
18267
18368
18452
18480
18485
18542
18576
18726
18729
18835
18886
18908
18909
18911
19084
19148
19312
19404
19409
19561
19565
19654
19788
19794
19818
19828
20067
20189
20190
20269
20391
20415
20648
20682
20745
20892
20894
20920
20972
21020
21178
21237
21357
21358
21371
21413
21415
21600
21605
21607
21614
21742
21890
21896
22084
22424
22503
22592
22618
22623
22752
22779
23505
23570
23660
23941
23942
24063
24174
24221
24328
24643
25487
27334
27422
27828
28484
32678
32791
36003
36281
36468
38093
38149
38906
38973
39087
40539
43449
44206
44601
44644
45751
46392
46578
46886
48020
48486
48506
48725
49373
50876
51369
51692
52038
52476
52695
52978
56223
56573
57509
57665
59176
61146
61209
61241
61621
62498
63467
63706
64135
64186
64194
64390
64653
65294
65307
65752
66181
67598
69032
70578
71538
73139
75186
75510
75654
75754
75854
75912
76185
76605
76614
76661
76708
76709
76744
76795
76868
76963
77037
77178
77191
77357
77610
77660
77702
77976
78975
79026
79094
79103
79145
79323
79338
79686
79698
79906
79923
80100
80204
80286
80320
80415
80575
81061
81073
81121
81540
81593
81651
81655
81678
81736
82303
82307
82515
82598
82621
82634
82642
82651
82694
82800
83011
83143
83534
83597
83734
83779
83879
84165
84342
84381
84588
84723
84769
84788
85002
85059
85246
85348
85517
85631
85663
85753
85792
85926
85945
85992
86111
86211
86544
86580
86778
86783
86804
86810
86868
86949
87034
87055
87356
87657
87717
88031
88159
88352
88360
88439
88504
88606
88860
88863
89031
89179
89393
89506
89508
89533
89540
89617
89781
89916
89971
90071
90175
90178
90215
90248
90319
90377
90427
90455
90505
90520
90569
90664
90701
90708
90720
90808
90880
91041
91068
91090
91136
91152
91233
91461
91516
91556
91579
91594
91735
91787
91849
91893
91907
92050
92108
92203
92220
92293
92322
92402
92515
92596
92611
92655
92852
93002
93089
93098
93132
93179
93223
93246
93263
93323
93436
